#    x (m)        y (m)        T(x,y) (°C)
    0.000000    0.000000    8.000000
    0.142857    0.000000    2.000000
    0.285714    0.000000    2.000000
    0.428571    0.000000    2.000000
    0.571429    0.000000    2.000000
    0.714286    0.000000    2.000000
    0.857143    0.000000    2.000000
    1.000000    0.000000    2.000000
    1.142857    0.000000    2.000000
    1.285714    0.000000    2.000000
    1.428571    0.000000    2.000000
    1.571429    0.000000    2.000000
    1.714286    0.000000    2.000000
    1.857143    0.000000    2.000000
    2.000000    0.000000    2.000000
    2.142857    0.000000    2.000000
    2.285714    0.000000    2.000000
    2.428571    0.000000    2.000000
    2.571429    0.000000    2.000000
    2.714286    0.000000    2.000000
    2.857143    0.000000    2.000000
    3.000000    0.000000    2.000000
    3.142857    0.000000    2.000000
    3.285714    0.000000    2.000000
    3.428571    0.000000    2.000000
    3.571429    0.000000    2.000000
    3.714286    0.000000    2.000000
    3.857143    0.000000    2.000000
    4.000000    0.000000    2.000000
    4.142857    0.000000    2.000000
    4.285714    0.000000    2.000000
    4.428571    0.000000    2.000000
    4.571429    0.000000    2.000000
    4.714286    0.000000    2.000000
    4.857143    0.000000    2.000000
    5.000000    0.000000    2.000000
    5.142857    0.000000    2.000000
    5.285714    0.000000    2.000000
    5.428571    0.000000    2.000000
    5.571429    0.000000    2.000000
    5.714286    0.000000    2.000000
    5.857143    0.000000    2.000000
    6.000000    0.000000    2.000000
    6.142857    0.000000    2.000000
    6.285714    0.000000    2.000000
    6.428571    0.000000    2.000000
    6.571429    0.000000    2.000000
    6.714286    0.000000    2.000000
    6.857143    0.000000    2.000000
    7.000000    0.000000    3.000000

    0.000000    0.061224    8.000000
    0.142857    0.061224    4.999507
    0.285714    0.061224    3.813102
    0.428571    0.061224    3.254868
    0.571429    0.061224    2.949026
    0.714286    0.061224    2.760337
    0.857143    0.061224    2.633296
    1.000000    0.061224    2.542143
    1.142857    0.061224    2.473586
    1.285714    0.061224    2.420143
    1.428571    0.061224    2.377301
    1.571429    0.061224    2.342178
    1.714286    0.061224    2.312851
    1.857143    0.061224    2.287988
    2.000000    0.061224    2.266637
    2.142857    0.061224    2.248100
    2.285714    0.061224    2.231853
    2.428571    0.061224    2.217498
    2.571429    0.061224    2.204723
    2.714286    0.061224    2.193285
    2.857143    0.061224    2.182987
    3.000000    0.061224    2.173675
    3.142857    0.061224    2.165220
    3.285714    0.061224    2.157519
    3.428571    0.061224    2.150487
    3.571429    0.061224    2.144056
    3.714286    0.061224    2.138169
    3.857143    0.061224    2.132783
    4.000000    0.061224    2.127862
    4.142857    0.061224    2.123384
    4.285714    0.061224    2.119331
    4.428571    0.061224    2.115698
    4.571429    0.061224    2.112489
    4.714286    0.061224    2.109720
    4.857143    0.061224    2.107420
    5.000000    0.061224    2.105637
    5.142857    0.061224    2.104440
    5.285714    0.061224    2.103929
    5.428571    0.061224    2.104250
    5.571429    0.061224    2.105612
    5.714286    0.061224    2.108325
    5.857143    0.061224    2.112859
    6.000000    0.061224    2.119958
    6.142857    0.061224    2.130860
    6.285714    0.061224    2.147774
    6.428571    0.061224    2.174986
    6.571429    0.061224    2.221742
    6.714286    0.061224    2.310576
    6.857143    0.061224    2.504113
    7.000000    0.061224    3.000000

    0.000000    0.122449    8.000000
    0.142857    0.122449    6.184936
    0.285714    0.122449    4.998046
    0.428571    0.122449    4.257364
    0.571429    0.122449    3.780924
    0.714286    0.122449    3.459058
    0.857143    0.122449    3.230741
    1.000000    0.122449    3.061732
    1.142857    0.122449    2.932104
    1.285714    0.122449    2.829739
    1.428571    0.122449    2.746940
    1.571429    0.122449    2.678622
    1.714286    0.122449    2.621304
    1.857143    0.122449    2.572534
    2.000000    0.122449    2.530533
    2.142857    0.122449    2.493985
    2.285714    0.122449    2.461895
    2.428571    0.122449    2.433497
    2.571429    0.122449    2.408194
    2.714286    0.122449    2.385514
    2.857143    0.122449    2.365078
    3.000000    0.122449    2.346581
    3.142857    0.122449    2.329775
    3.285714    0.122449    2.314458
    3.428571    0.122449    2.300464
    3.571429    0.122449    2.287657
    3.714286    0.122449    2.275927
    3.857143    0.122449    2.265188
    4.000000    0.122449    2.255370
    4.142857    0.122449    2.246426
    4.285714    0.122449    2.238324
    4.428571    0.122449    2.231052
    4.571429    0.122449    2.224616
    4.714286    0.122449    2.219045
    4.857143    0.122449    2.214395
    5.000000    0.122449    2.210755
    5.142857    0.122449    2.208256
    5.285714    0.122449    2.207086
    5.428571    0.122449    2.207514
    5.571429    0.122449    2.209925
    5.714286    0.122449    2.214876
    5.857143    0.122449    2.223195
    6.000000    0.122449    2.236148
    6.142857    0.122449    2.255739
    6.285714    0.122449    2.285275
    6.428571    0.122449    2.330449
    6.571429    0.122449    2.401421
    6.714286    0.122449    2.516459
    6.857143    0.122449    2.705879
    7.000000    0.122449    3.000000

    0.000000    0.183673    8.000000
    0.142857    0.183673    6.742205
    0.285714    0.183673    5.736806
    0.428571    0.183673    4.995651
    0.571429    0.183673    4.458293
    0.714286    0.183673    4.064283
    0.857143    0.183673    3.768941
    1.000000    0.183673    3.542011
    1.142857    0.183673    3.363439
    1.285714    0.183673    3.219856
    1.428571    0.183673    3.102193
    1.571429    0.183673    3.004167
    1.714286    0.183673    2.921320
    1.857143    0.183673    2.850426
    2.000000    0.183673    2.789098
    2.142857    0.183673    2.735540
    2.285714    0.183673    2.688376
    2.428571    0.183673    2.646538
    2.571429    0.183673    2.609183
    2.714286    0.183673    2.575642
    2.857143    0.183673    2.545374
    3.000000    0.183673    2.517943
    3.142857    0.183673    2.492991
    3.285714    0.183673    2.470224
    3.428571    0.183673    2.449403
    3.571429    0.183673    2.430329
    3.714286    0.183673    2.412843
    3.857143    0.183673    2.396816
    4.000000    0.183673    2.382148
    4.142857    0.183673    2.368767
    4.285714    0.183673    2.356626
    4.428571    0.183673    2.345703
    4.571429    0.183673    2.336006
    4.714286    0.183673    2.327572
    4.857143    0.183673    2.320479
    5.000000    0.183673    2.314845
    5.142857    0.183673    2.310849
    5.285714    0.183673    2.308744
    5.428571    0.183673    2.308887
    5.571429    0.183673    2.311780
    5.714286    0.183673    2.318133
    5.857143    0.183673    2.328965
    6.000000    0.183673    2.345760
    6.142857    0.183673    2.370724
    6.285714    0.183673    2.407178
    6.428571    0.183673    2.460147
    6.571429    0.183673    2.537059
    6.714286    0.183673    2.647973
    6.857143    0.183673    2.802950
    7.000000    0.183673    3.000000

    0.000000    0.244898    8.000000
    0.142857    0.244898    7.047098
    0.285714    0.244898    6.211355
    0.428571    0.244898    5.530190
    0.571429    0.244898    4.992374
    0.714286    0.244898    4.570914
    0.857143    0.244898    4.238814
    1.000000    0.244898    3.974030
    1.142857    0.244898    3.759895
    1.285714    0.244898    3.584174
    1.428571    0.244898    3.437944
    1.571429    0.244898    3.314675
    1.714286    0.244898    3.209536
    1.857143    0.244898    3.118914
    2.000000    0.244898    3.040064
    2.142857    0.244898    2.970878
    2.285714    0.244898    2.909716
    2.428571    0.244898    2.855285
    2.571429    0.244898    2.806554
    2.714286    0.244898    2.762695
    2.857143    0.244898    2.723038
    3.000000    0.244898    2.687032
    3.142857    0.244898    2.654228
    3.285714    0.244898    2.624253
    3.428571    0.244898    2.596802
    3.571429    0.244898    2.571621
    3.714286    0.244898    2.548505
    3.857143    0.244898    2.527288
    4.000000    0.244898    2.507840
    4.142857    0.244898    2.490065
    4.285714    0.244898    2.473900
    4.428571    0.244898    2.459313
    4.571429    0.244898    2.446310
    4.714286    0.244898    2.434932
    4.857143    0.244898    2.425266
    5.000000    0.244898    2.417452
    5.142857    0.244898    2.411697
    5.285714    0.244898    2.408290
    5.428571    0.244898    2.407637
    5.571429    0.244898    2.410292
    5.714286    0.244898    2.417018
    5.857143    0.244898    2.428864
    6.000000    0.244898    2.447285
    6.142857    0.244898    2.474288
    6.285714    0.244898    2.512626
    6.428571    0.244898    2.565946
    6.571429    0.244898    2.638726
    6.714286    0.244898    2.735445
    6.857143    0.244898    2.857955
    7.000000    0.244898    3.000000

    0.000000    0.306122    8.000000
    0.142857    0.306122    7.234857
    0.285714    0.306122    6.531370
    0.428571    0.306122    5.921438
    0.571429    0.306122    5.410178
    0.714286    0.306122    4.988280
    0.857143    0.306122    4.641483
    1.000000    0.306122    4.355527
    1.142857    0.306122    4.118080
    1.285714    0.306122    3.919156
    1.428571    0.306122    3.750904
    1.571429    0.306122    3.607235
    1.714286    0.306122    3.483432
    1.857143    0.306122    3.375834
    2.000000    0.306122    3.281581
    2.142857    0.306122    3.198419
    2.285714    0.306122    3.124561
    2.428571    0.306122    3.058574
    2.571429    0.306122    2.999301
    2.714286    0.306122    2.945803
    2.857143    0.306122    2.897308
    3.000000    0.306122    2.853182
    3.142857    0.306122    2.812900
    3.285714    0.306122    2.776025
    3.428571    0.306122    2.742196
    3.571429    0.306122    2.711114
    3.714286    0.306122    2.682531
    3.857143    0.306122    2.656250
    4.000000    0.306122    2.632113
    4.142857    0.306122    2.610002
    4.285714    0.306122    2.589838
    4.428571    0.306122    2.571577
    4.571429    0.306122    2.555217
    4.714286    0.306122    2.540799
    4.857143    0.306122    2.528411
    5.000000    0.306122    2.518200
    5.142857    0.306122    2.510381
    5.285714    0.306122    2.505258
    5.428571    0.306122    2.503241
    5.571429    0.306122    2.504882
    5.714286    0.306122    2.510915
    5.857143    0.306122    2.522309
    6.000000    0.306122    2.540331
    6.142857    0.306122    2.566608
    6.285714    0.306122    2.603163
    6.428571    0.306122    2.652343
    6.571429    0.306122    2.716497
    6.714286    0.306122    2.797152
    6.857143    0.306122    2.893433
    7.000000    0.306122    3.000000

    0.000000    0.367347    8.000000
    0.142857    0.367347    7.360993
    0.285714    0.367347    6.757883
    0.428571    0.367347    6.214090
    0.571429    0.367347    5.738714
    0.714286    0.367347    5.330659
    0.857143    0.367347    4.983446
    1.000000    0.367347    4.688667
    1.142857    0.367347    4.437916
    1.285714    0.367347    4.223654
    1.428571    0.367347    4.039488
    1.571429    0.367347    3.880150
    1.714286    0.367347    3.741359
    1.857143    0.367347    3.619661
    2.000000    0.367347    3.512269
    2.142857    0.367347    3.416931
    2.285714    0.367347    3.331819
    2.428571    0.367347    3.255441
    2.571429    0.367347    3.186576
    2.714286    0.367347    3.124214
    2.857143    0.367347    3.067523
    3.000000    0.367347    3.015806
    3.142857    0.367347    2.968484
    3.285714    0.367347    2.925072
    3.428571    0.367347    2.885165
    3.571429    0.367347    2.848426
    3.714286    0.367347    2.814574
    3.857143    0.367347    2.783382
    4.000000    0.367347    2.754669
    4.142857    0.367347    2.728296
    4.285714    0.367347    2.704167
    4.428571    0.367347    2.682225
    4.571429    0.367347    2.662459
    4.714286    0.367347    2.644900
    4.857143    0.367347    2.629631
    5.000000    0.367347    2.616794
    5.142857    0.367347    2.606597
    5.285714    0.367347    2.599330
    5.428571    0.367347    2.595381
    5.571429    0.367347    2.595258
    5.714286    0.367347    2.599613
    5.857143    0.367347    2.609270
    6.000000    0.367347    2.625247
    6.142857    0.367347    2.648758
    6.285714    0.367347    2.681164
    6.428571    0.367347    2.723834
    6.571429    0.367347    2.777816
    6.714286    0.367347    2.843264
    6.857143    0.367347    2.918635
    7.000000    0.367347    3.000000

    0.000000    0.428571    8.000000
    0.142857    0.428571    7.451268
    0.285714    0.428571    6.925143
    0.428571    0.428571    6.438409
    0.571429    0.428571    6.000042
    0.714286    0.428571    5.612329
    0.857143    0.428571    5.273131
    1.000000    0.428571    4.977961
    1.142857    0.428571    4.721462
    1.285714    0.428571    4.498277
    1.428571    0.428571    4.303486
    1.571429    0.428571    4.132776
    1.714286    0.428571    3.982470
    1.857143    0.428571    3.849475
    2.000000    0.428571    3.731212
    2.142857    0.428571    3.625539
    2.285714    0.428571    3.530675
    2.428571    0.428571    3.445140
    2.571429    0.428571    3.367699
    2.714286    0.428571    3.297317
    2.857143    0.428571    3.233129
    3.000000    0.428571    3.174406
    3.142857    0.428571    3.120533
    3.285714    0.428571    3.070991
    3.428571    0.428571    3.025344
    3.571429    0.428571    2.983225
    3.714286    0.428571    2.944329
    3.857143    0.428571    2.908403
    4.000000    0.428571    2.875246
    4.142857    0.428571    2.844700
    4.285714    0.428571    2.816652
    4.428571    0.428571    2.791033
    4.571429    0.428571    2.767815
    4.714286    0.428571    2.747020
    4.857143    0.428571    2.728716
    5.000000    0.428571    2.713029
    5.142857    0.428571    2.700148
    5.285714    0.428571    2.690332
    5.428571    0.428571    2.683925
    5.571429    0.428571    2.681365
    5.714286    0.428571    2.683198
    5.857143    0.428571    2.690080
    6.000000    0.428571    2.702778
    6.142857    0.428571    2.722137
    6.285714    0.428571    2.749006
    6.428571    0.428571    2.784095
    6.571429    0.428571    2.827727
    6.714286    0.428571    2.879488
    6.857143    0.428571    2.937854
    7.000000    0.428571    3.000000

    0.000000    0.489796    8.000000
    0.142857    0.489796    7.518977
    0.285714    0.489796    7.053082
    0.428571    0.489796    6.614462
    0.571429    0.489796    6.210840
    0.714286    0.489796    5.845640
    0.857143    0.489796    5.518967
    1.000000    0.489796    5.228787
    1.142857    0.489796    4.971924
    1.285714    0.489796    4.744759
    1.428571    0.489796    4.543676
    1.571429    0.489796    4.365296
    1.714286    0.489796    4.206585
    1.857143    0.489796    4.064889
    2.000000    0.489796    3.937915
    2.142857    0.489796    3.823703
    2.285714    0.489796    3.720583
    2.428571    0.489796    3.627138
    2.571429    0.489796    3.542164
    2.714286    0.489796    3.464638
    2.857143    0.489796    3.393690
    3.000000    0.489796    3.328580
    3.142857    0.489796    3.268677
    3.285714    0.489796    3.213444
    3.428571    0.489796    3.162423
    3.571429    0.489796    3.115229
    3.714286    0.489796    3.071536
    3.857143    0.489796    3.031074
    4.000000    0.489796    2.993623
    4.142857    0.489796    2.959009
    4.285714    0.489796    2.927103
    4.428571    0.489796    2.897820
    4.571429    0.489796    2.871118
    4.714286    0.489796    2.847001
    4.857143    0.489796    2.825520
    5.000000    0.489796    2.806778
    5.142857    0.489796    2.790933
    5.285714    0.489796    2.778205
    5.428571    0.489796    2.768881
    5.571429    0.489796    2.763319
    5.714286    0.489796    2.761949
    5.857143    0.489796    2.765267
    6.000000    0.489796    2.773816
    6.142857    0.489796    2.788148
    6.285714    0.489796    2.808745
    6.428571    0.489796    2.835906
    6.571429    0.489796    2.869574
    6.714286    0.489796    2.909148
    6.857143    0.489796    2.953307
    7.000000    0.489796    3.000000

    0.000000    0.551020    8.000000
    0.142857    0.551020    7.571605
    0.285714    0.551020    7.153826
    0.428571    0.551020    6.755626
    0.571429    0.551020    6.383359
    0.714286    0.551020    6.040594
    0.857143    0.551020    5.728510
    1.000000    0.551020    5.446528
    1.142857    0.551020    5.192944
    1.285714    0.551020    4.965443
    1.428571    0.551020    4.761472
    1.571429    0.551020    4.578476
    1.714286    0.551020    4.414040
    1.857143    0.551020    4.265955
    2.000000    0.551020    4.132249
    2.142857    0.551020    4.011184
    2.285714    0.551020    3.901241
    2.428571    0.551020    3.801104
    2.571429    0.551020    3.709632
    2.714286    0.551020    3.625841
    2.857143    0.551020    3.548881
    3.000000    0.551020    3.478021
    3.142857    0.551020    3.412629
    3.285714    0.551020    3.352163
    3.428571    0.551020    3.296156
    3.571429    0.551020    3.244210
    3.714286    0.551020    3.195987
    3.857143    0.551020    3.151203
    4.000000    0.551020    3.109623
    4.142857    0.551020    3.071060
    4.285714    0.551020    3.035370
    4.428571    0.551020    3.002452
    4.571429    0.551020    2.972248
    4.714286    0.551020    2.944742
    4.857143    0.551020    2.919964
    5.000000    0.551020    2.897988
    5.142857    0.551020    2.878938
    5.285714    0.551020    2.862990
    5.428571    0.551020    2.850367
    5.571429    0.551020    2.841348
    5.714286    0.551020    2.836253
    5.857143    0.551020    2.835436
    6.000000    0.551020    2.839260
    6.142857    0.551020    2.848054
    6.285714    0.551020    2.862053
    6.428571    0.551020    2.881311
    6.571429    0.551020    2.905591
    6.714286    0.551020    2.934266
    6.857143    0.551020    2.966243
    7.000000    0.551020    3.000000

    0.000000    0.612245    8.000000
    0.142857    0.612245    7.613671
    0.285714    0.612245    7.235078
    0.428571    0.612245    6.870981
    0.571429    0.612245    6.526533
    0.714286    0.612245    6.205057
    0.857143    0.612245    5.908173
    1.000000    0.612245    5.636124
    1.142857    0.612245    5.388163
    1.285714    0.612245    5.162908
    1.428571    0.612245    4.958631
    1.571429    0.612245    4.773462
    1.714286    0.612245    4.605531
    1.857143    0.612245    4.453054
    2.000000    0.612245    4.314375
    2.142857    0.612245    4.187993
    2.285714    0.612245    4.072562
    2.428571    0.612245    3.966887
    2.571429    0.612245    3.869914
    2.714286    0.612245    3.780718
    2.857143    0.612245    3.698488
    3.000000    0.612245    3.622516
    3.142857    0.612245    3.552183
    3.285714    0.612245    3.486952
    3.428571    0.612245    3.426357
    3.571429    0.612245    3.369995
    3.714286    0.612245    3.317522
    3.857143    0.612245    3.268643
    4.000000    0.612245    3.223114
    4.142857    0.612245    3.180736
    4.285714    0.612245    3.141350
    4.428571    0.612245    3.104841
    4.571429    0.612245    3.071133
    4.714286    0.612245    3.040191
    4.857143    0.612245    3.012019
    5.000000    0.612245    2.986665
    5.142857    0.612245    2.964213
    5.285714    0.612245    2.944793
    5.428571    0.612245    2.928571
    5.571429    0.612245    2.915746
    5.714286    0.612245    2.906545
    5.857143    0.612245    2.901202
    6.000000    0.612245    2.899940
    6.142857    0.612245    2.902931
    6.285714    0.612245    2.910248
    6.428571    0.612245    2.921806
    6.571429    0.612245    2.937296
    6.714286    0.612245    2.956130
    6.857143    0.612245    2.977416
    7.000000    0.612245    3.000000

    0.000000    0.673469    8.000000
    0.142857    0.673469    7.648057
    0.285714    0.673469    7.301929
    0.428571    0.673469    6.966819
    0.571429    0.673469    6.646904
    0.714286    0.673469    6.345134
    0.857143    0.673469    6.063241
    1.000000    0.673469    5.801907
    1.142857    0.673469    5.560983
    1.285714    0.673469    5.339735
    1.428571    0.673469    5.137050
    1.571429    0.673469    4.951606
    1.714286    0.673469    4.781993
    1.857143    0.673469    4.626801
    2.000000    0.673469    4.484674
    2.142857    0.673469    4.354342
    2.285714    0.673469    4.234635
    2.428571    0.673469    4.124493
    2.571429    0.673469    4.022960
    2.714286    0.673469    3.929181
    2.857143    0.673469    3.842399
    3.000000    0.673469    3.761939
    3.142857    0.673469    3.687207
    3.285714    0.673469    3.617680
    3.428571    0.673469    3.552900
    3.571429    0.673469    3.492465
    3.714286    0.673469    3.436029
    3.857143    0.673469    3.383293
    4.000000    0.673469    3.334006
    4.142857    0.673469    3.287958
    4.285714    0.673469    3.244979
    4.428571    0.673469    3.204939
    4.571429    0.673469    3.167745
    4.714286    0.673469    3.133342
    4.857143    0.673469    3.101710
    5.000000    0.673469    3.072866
    5.142857    0.673469    3.046861
    5.285714    0.673469    3.023777
    5.428571    0.673469    3.003725
    5.571429    0.673469    2.986840
    5.714286    0.673469    2.973266
    5.857143    0.673469    2.963145
    6.000000    0.673469    2.956593
    6.142857    0.673469    2.953673
    6.285714    0.673469    2.954359
    6.428571    0.673469    2.958492
    6.571429    0.673469    2.965746
    6.714286    0.673469    2.975594
    6.857143    0.673469    2.987310
    7.000000    0.673469    3.000000

    0.000000    0.734694    8.000000
    0.142857    0.734694    7.676691
    0.285714    0.734694    7.357865
    0.428571    0.734694    7.047605
    0.571429    0.734694    6.749314
    0.714286    0.734694    6.465554
    0.857143    0.734694    6.198012
    1.000000    0.734694    5.947575
    1.142857    0.734694    5.714458
    1.285714    0.734694    5.498363
    1.428571    0.734694    5.298626
    1.571429    0.734694    5.114346
    1.714286    0.734694    4.944489
    1.857143    0.734694    4.787966
    2.000000    0.734694    4.643686
    2.142857    0.734694    4.510594
    2.285714    0.734694    4.387693
    2.428571    0.734694    4.274056
    2.571429    0.734694    4.168830
    2.714286    0.734694    4.071242
    2.857143    0.734694    3.980590
    3.000000    0.734694    3.896245
    3.142857    0.734694    3.817643
    3.285714    0.734694    3.744281
    3.428571    0.734694    3.675715
    3.571429    0.734694    3.611552
    3.714286    0.734694    3.551446
    3.857143    0.734694    3.495099
    4.000000    0.734694    3.442254
    4.142857    0.734694    3.392693
    4.285714    0.734694    3.346236
    4.428571    0.734694    3.302740
    4.571429    0.734694    3.262096
    4.714286    0.734694    3.224230
    4.857143    0.734694    3.189099
    5.000000    0.734694    3.156690
    5.142857    0.734694    3.127020
    5.285714    0.734694    3.100132
    5.428571    0.734694    3.076089
    5.571429    0.734694    3.054967
    5.714286    0.734694    3.036845
    5.857143    0.734694    3.021794
    6.000000    0.734694    3.009855
    6.142857    0.734694    3.001016
    6.285714    0.734694    2.995192
    6.428571    0.734694    2.992191
    6.571429    0.734694    2.991696
    6.714286    0.734694    2.993247
    6.857143    0.734694    2.996250
    7.000000    0.734694    3.000000

    0.000000    0.795918    8.000000
    0.142857    0.795918    7.700906
    0.285714    0.795918    7.405346
    0.428571    0.795918    7.116575
    0.571429    0.795918    6.837389
    0.714286    0.795918    6.569992
    0.857143    0.795918    6.315955
    1.000000    0.795918    6.076238
    1.142857    0.795918    5.851264
    1.285714    0.795918    5.641023
    1.428571    0.795918    5.445168
    1.571429    0.795918    5.263118
    1.714286    0.795918    5.094136
    1.857143    0.795918    4.937400
    2.000000    0.795918    4.792048
    2.142857    0.795918    4.657218
    2.285714    0.795918    4.532071
    2.428571    0.795918    4.415809
    2.571429    0.795918    4.307683
    2.714286    0.795918    4.206999
    2.857143    0.795918    4.113119
    3.000000    0.795918    4.025460
    3.142857    0.795918    3.943495
    3.285714    0.795918    3.866747
    3.428571    0.795918    3.794788
    3.571429    0.795918    3.727238
    3.714286    0.795918    3.663757
    3.857143    0.795918    3.604048
    4.000000    0.795918    3.547851
    4.142857    0.795918    3.494943
    4.285714    0.795918    3.445136
    4.428571    0.795918    3.398275
    4.571429    0.795918    3.354236
    4.714286    0.795918    3.312927
    4.857143    0.795918    3.274283
    5.000000    0.795918    3.238265
    5.142857    0.795918    3.204861
    5.285714    0.795918    3.174076
    5.428571    0.795918    3.145932
    5.571429    0.795918    3.120459
    5.714286    0.795918    3.097686
    5.857143    0.795918    3.077627
    6.000000    0.795918    3.060273
    6.142857    0.795918    3.045565
    6.285714    0.795918    3.033383
    6.428571    0.795918    3.023526
    6.571429    0.795918    3.015700
    6.714286    0.795918    3.009508
    6.857143    0.795918    3.004463
    7.000000    0.795918    3.000000

    0.000000    0.857143    8.000000
    0.142857    0.857143    7.721658
    0.285714    0.857143    7.446153
    0.428571    0.857143    7.176122
    0.571429    0.857143    6.913880
    0.714286    0.857143    6.661322
    0.857143    0.857143    6.419872
    1.000000    0.857143    6.190491
    1.142857    0.857143    5.973713
    1.285714    0.857143    5.769708
    1.428571    0.857143    5.578353
    1.571429    0.857143    5.399303
    1.714286    0.857143    5.232053
    1.857143    0.857143    5.075995
    2.000000    0.857143    4.930461
    2.142857    0.857143    4.794755
    2.285714    0.857143    4.668184
    2.428571    0.857143    4.550065
    2.571429    0.857143    4.439750
    2.714286    0.857143    4.336622
    2.857143    0.857143    4.240106
    3.000000    0.857143    4.149670
    3.142857    0.857143    4.064824
    3.285714    0.857143    3.985120
    3.428571    0.857143    3.910151
    3.571429    0.857143    3.839550
    3.714286    0.857143    3.772985
    3.857143    0.857143    3.710165
    4.000000    0.857143    3.650828
    4.142857    0.857143    3.594748
    4.285714    0.857143    3.541729
    4.428571    0.857143    3.491608
    4.571429    0.857143    3.444246
    4.714286    0.857143    3.399534
    4.857143    0.857143    3.357388
    5.000000    0.857143    3.317747
    5.142857    0.857143    3.280571
    5.285714    0.857143    3.245835
    5.428571    0.857143    3.213527
    5.571429    0.857143    3.183639
    5.714286    0.857143    3.156161
    5.857143    0.857143    3.131069
    6.000000    0.857143    3.108317
    6.142857    0.857143    3.087819
    6.285714    0.857143    3.069439
    6.428571    0.857143    3.052980
    6.571429    0.857143    3.038176
    6.714286    0.857143    3.024689
    6.857143    0.857143    3.012115
    7.000000    0.857143    3.000000

    0.000000    0.918367    8.000000
    0.142857    0.918367    7.739646
    0.285714    0.918367    7.481607
    0.428571    0.918367    7.228049
    0.571429    0.918367    6.980906
    0.714286    0.918367    6.741806
    0.857143    0.918367    6.512028
    1.000000    0.918367    6.292492
    1.142857    0.918367    6.083781
    1.285714    0.918367    5.886176
    1.428571    0.918367    5.699705
    1.571429    0.918367    5.524194
    1.714286    0.918367    5.359317
    1.857143    0.918367    5.204637
    2.000000    0.918367    5.059644
    2.142857    0.918367    4.923785
    2.285714    0.918367    4.796491
    2.428571    0.918367    4.677189
    2.571429    0.918367    4.565317
    2.714286    0.918367    4.460335
    2.857143    0.918367    4.361729
    3.000000    0.918367    4.269015
    3.142857    0.918367    4.181743
    3.285714    0.918367    4.099492
    3.428571    0.918367    4.021880
    3.571429    0.918367    3.948554
    3.714286    0.918367    3.879195
    3.857143    0.918367    3.813513
    4.000000    0.918367    3.751251
    4.142857    0.918367    3.692179
    4.285714    0.918367    3.636098
    4.428571    0.918367    3.582832
    4.571429    0.918367    3.532233
    4.714286    0.918367    3.484178
    4.857143    0.918367    3.438564
    5.000000    0.918367    3.395311
    5.142857    0.918367    3.354355
    5.285714    0.918367    3.315647
    5.428571    0.918367    3.279146
    5.571429    0.918367    3.244816
    5.714286    0.918367    3.212617
    5.857143    0.918367    3.182500
    6.000000    0.918367    3.154394
    6.142857    0.918367    3.128198
    6.285714    0.918367    3.103774
    6.428571    0.918367    3.080936
    6.571429    0.918367    3.059449
    6.714286    0.918367    3.039024
    6.857143    0.918367    3.019331
    7.000000    0.918367    3.000000

    0.000000    0.979592    8.000000
    0.142857    0.979592    7.755396
    0.285714    0.979592    7.512709
    0.428571    0.979592    7.273737
    0.571429    0.979592    7.040114
    0.714286    0.979592    6.813243
    0.857143    0.979592    6.594263
    1.000000    0.979592    6.384035
    1.142857    0.979592    6.183153
    1.285714    0.979592    5.991961
    1.428571    0.979592    5.810587
    1.571429    0.979592    5.638981
    1.714286    0.979592    5.476949
    1.857143    0.979592    5.324188
    2.000000    0.979592    5.180318
    2.142857    0.979592    5.044905
    2.285714    0.979592    4.917486
    2.428571    0.979592    4.797582
    2.571429    0.979592    4.684713
    2.714286    0.979592    4.578406
    2.857143    0.979592    4.478206
    3.000000    0.979592    4.383675
    3.142857    0.979592    4.294400
    3.285714    0.979592    4.209992
    3.428571    0.979592    4.130089
    3.571429    0.979592    4.054355
    3.714286    0.979592    3.982482
    3.857143    0.979592    3.914188
    4.000000    0.979592    3.849218
    4.142857    0.979592    3.787341
    4.285714    0.979592    3.728351
    4.428571    0.979592    3.672068
    4.571429    0.979592    3.618333
    4.714286    0.979592    3.567009
    4.857143    0.979592    3.517980
    5.000000    0.979592    3.471148
    5.142857    0.979592    3.426428
    5.285714    0.979592    3.383752
    5.428571    0.979592    3.343057
    5.571429    0.979592    3.304285
    5.714286    0.979592    3.267376
    5.857143    0.979592    3.232262
    6.000000    0.979592    3.198859
    6.142857    0.979592    3.167060
    6.285714    0.979592    3.136732
    6.428571    0.979592    3.107705
    6.571429    0.979592    3.079775
    6.714286    0.979592    3.052700
    6.857143    0.979592    3.026207
    7.000000    0.979592    3.000000

    0.000000    1.040816    8.000000
    0.142857    1.040816    7.769310
    0.285714    1.040816    7.540226
    0.428571    1.040816    7.314262
    0.571429    1.040816    7.092807
    0.714286    1.040816    6.877074
    0.857143    1.040816    6.668078
    1.000000    1.040816    6.466613
    1.142857    1.040816    6.273261
    1.285714    1.040816    6.088396
    1.428571    1.040816    5.912211
    1.571429    1.040816    5.744742
    1.714286    1.040816    5.585893
    1.857143    1.040816    5.435467
    2.000000    1.040816    5.293184
    2.142857    1.040816    5.158709
    2.285714    1.040816    5.031669
    2.428571    1.040816    4.911666
    2.571429    1.040816    4.798290
    2.714286    1.040816    4.691133
    2.857143    1.040816    4.589789
    3.000000    1.040816    4.493864
    3.142857    1.040816    4.402982
    3.285714    1.040816    4.316781
    3.428571    1.040816    4.234922
    3.571429    1.040816    4.157086
    3.714286    1.040816    4.082975
    3.857143    1.040816    4.012315
    4.000000    1.040816    3.944854
    4.142857    1.040816    3.880360
    4.285714    1.040816    3.818625
    4.428571    1.040816    3.759461
    4.571429    1.040816    3.702702
    4.714286    1.040816    3.648199
    4.857143    1.040816    3.595824
    5.000000    1.040816    3.545462
    5.142857    1.040816    3.497015
    5.285714    1.040816    3.450396
    5.428571    1.040816    3.405527
    5.571429    1.040816    3.362333
    5.714286    1.040816    3.320740
    5.857143    1.040816    3.280668
    6.000000    1.040816    3.242029
    6.142857    1.040816    3.204716
    6.285714    1.040816    3.168605
    6.428571    1.040816    3.133547
    6.571429    1.040816    3.099367
    6.714286    1.040816    3.065865
    6.857143    1.040816    3.032822
    7.000000    1.040816    3.000000

    0.000000    1.102041    8.000000
    0.142857    1.102041    7.781698
    0.285714    1.102041    7.564760
    0.428571    1.102041    7.350470
    0.571429    1.102041    7.140018
    0.714286    1.102041    6.934463
    0.857143    1.102041    6.734705
    1.000000    1.102041    6.541473
    1.142857    1.102041    6.355320
    1.285714    1.102041    6.176634
    1.428571    1.102041    6.005645
    1.571429    1.102041    5.842449
    1.714286    1.102041    5.687020
    1.857143    1.102041    5.539240
    2.000000    1.102041    5.398912
    2.142857    1.102041    5.265779
    2.285714    1.102041    5.139541
    2.428571    1.102041    5.019871
    2.571429    1.102041    4.906420
    2.714286    1.102041    4.798833
    2.857143    1.102041    4.696751
    3.000000    1.102041    4.599821
    3.142857    1.102041    4.507698
    3.285714    1.102041    4.420048
    3.428571    1.102041    4.336552
    3.571429    1.102041    4.256907
    3.714286    1.102041    4.180826
    3.857143    1.102041    4.108043
    4.000000    1.102041    4.038308
    4.142857    1.102041    3.971390
    4.285714    1.102041    3.907078
    4.428571    1.102041    3.845178
    4.571429    1.102041    3.785517
    4.714286    1.102041    3.727937
    4.857143    1.102041    3.672296
    5.000000    1.102041    3.618470
    5.142857    1.102041    3.566347
    5.285714    1.102041    3.515827
    5.428571    1.102041    3.466817
    5.571429    1.102041    3.419234
    5.714286    1.102041    3.372992
    5.857143    1.102041    3.328008
    6.000000    1.102041    3.284192
    6.142857    1.102041    3.241443
    6.285714    1.102041    3.199650
    6.428571    1.102041    3.158686
    6.571429    1.102041    3.118405
    6.714286    1.102041    3.078649
    6.857143    1.102041    3.039242
    7.000000    1.102041    3.000000

    0.000000    1.163265    8.000000
    0.142857    1.163265    7.792808
    0.285714    1.163265    7.586786
    0.428571    1.163265    7.383034
    0.571429    1.163265    7.182583
    0.714286    1.163265    6.986358
    0.857143    1.163265    6.795160
    1.000000    1.163265    6.609655
    1.142857    1.163265    6.430364
    1.285714    1.163265    6.257671
    1.428571    1.163265    6.091828
    1.571429    1.163265    5.932968
    1.714286    1.163265    5.781118
    1.857143    1.163265    5.636219
    2.000000    1.163265    5.498134
    2.142857    1.163265    5.366671
    2.285714    1.163265    5.241593
    2.428571    1.163265    5.122626
    2.571429    1.163265    5.009476
    2.714286    1.163265    4.901834
    2.857143    1.163265    4.799382
    3.000000    1.163265    4.701803
    3.142857    1.163265    4.608779
    3.285714    1.163265    4.520003
    3.428571    1.163265    4.435173
    3.571429    1.163265    4.354001
    3.714286    1.163265    4.276212
    3.857143    1.163265    4.201544
    4.000000    1.163265    4.129752
    4.142857    1.163265    4.060604
    4.285714    1.163265    3.993888
    4.428571    1.163265    3.929405
    4.571429    1.163265    3.866973
    4.714286    1.163265    3.806426
    4.857143    1.163265    3.747615
    5.000000    1.163265    3.690403
    5.142857    1.163265    3.634667
    5.285714    1.163265    3.580297
    5.428571    1.163265    3.527192
    5.571429    1.163265    3.475259
    5.714286    1.163265    3.424409
    5.857143    1.163265    3.374557
    6.000000    1.163265    3.325615
    6.142857    1.163265    3.277494
    6.285714    1.163265    3.230097
    6.428571    1.163265    3.183320
    6.571429    1.163265    3.137048
    6.714286    1.163265    3.091159
    6.857143    1.163265    3.045522
    7.000000    1.163265    3.000000

    0.000000    1.224490    8.000000
    0.142857    1.224490    7.802835
    0.285714    1.224490    7.606683
    0.428571    1.224490    7.412499
    0.571429    1.224490    7.221177
    0.714286    1.224490    7.033534
    0.857143    1.224490    6.850285
    1.000000    1.224490    6.672034
    1.142857    1.224490    6.499271
    1.285714    1.224490    6.332366
    1.428571    1.224490    6.171581
    1.571429    1.224490    6.017071
    1.714286    1.224490    5.868900
    1.857143    1.224490    5.727052
    2.000000    1.224490    5.591437
    2.142857    1.224490    5.461915
    2.285714    1.224490    5.338294
    2.428571    1.224490    5.220350
    2.571429    1.224490    5.107832
    2.714286    1.224490    5.000469
    2.857143    1.224490    4.897980
    3.000000    1.224490    4.800078
    3.142857    1.224490    4.706470
    3.285714    1.224490    4.616870
    3.428571    1.224490    4.530995
    3.571429    1.224490    4.448569
    3.714286    1.224490    4.369325
    3.857143    1.224490    4.293008
    4.000000    1.224490    4.219375
    4.142857    1.224490    4.148196
    4.285714    1.224490    4.079253
    4.428571    1.224490    4.012343
    4.571429    1.224490    3.947280
    4.714286    1.224490    3.883888
    4.857143    1.224490    3.822010
    5.000000    1.224490    3.761499
    5.142857    1.224490    3.702224
    5.285714    1.224490    3.644066
    5.428571    1.224490    3.586916
    5.571429    1.224490    3.530678
    5.714286    1.224490    3.475260
    5.857143    1.224490    3.420578
    6.000000    1.224490    3.366553
    6.142857    1.224490    3.313107
    6.285714    1.224490    3.260159
    6.428571    1.224490    3.207631
    6.571429    1.224490    3.155440
    6.714286    1.224490    3.103498
    6.857143    1.224490    3.051715
    7.000000    1.224490    3.000000

    0.000000    1.285714    8.000000
    0.142857    1.285714    7.811937
    0.285714    1.285714    7.624760
    0.428571    1.285714    7.439303
    0.571429    1.285714    7.256353
    0.714286    1.285714    7.076631
    0.857143    1.285714    6.900778
    1.000000    1.285714    6.729346
    1.142857    1.285714    6.562788
    1.285714    1.285714    6.401459
    1.428571    1.285714    6.245619
    1.571429    1.285714    6.095439
    1.714286    1.285714    5.951005
    1.857143    1.285714    5.812331
    2.000000    1.285714    5.679366
    2.142857    1.285714    5.552003
    2.285714    1.285714    5.430093
    2.428571    1.285714    5.313448
    2.571429    1.285714    5.201853
    2.714286    1.285714    5.095070
    2.857143    1.285714    4.992846
    3.000000    1.285714    4.894921
    3.142857    1.285714    4.801025
    3.285714    1.285714    4.710889
    3.428571    1.285714    4.624244
    3.571429    1.285714    4.540826
    3.714286    1.285714    4.460376
    3.857143    1.285714    4.382643
    4.000000    1.285714    4.307385
    4.142857    1.285714    4.234372
    4.285714    1.285714    4.163384
    4.428571    1.285714    4.094213
    4.571429    1.285714    4.026664
    4.714286    1.285714    3.960557
    4.857143    1.285714    3.895723
    5.000000    1.285714    3.832010
    5.142857    1.285714    3.769277
    5.285714    1.285714    3.707398
    5.428571    1.285714    3.646260
    5.571429    1.285714    3.585761
    5.714286    1.285714    3.525813
    5.857143    1.285714    3.466334
    6.000000    1.285714    3.407255
    6.142857    1.285714    3.348510
    6.285714    1.285714    3.290041
    6.428571    1.285714    3.231793
    6.571429    1.285714    3.173715
    6.714286    1.285714    3.115756
    6.857143    1.285714    3.057867
    7.000000    1.285714    3.000000

    0.000000    1.346939    8.000000
    0.142857    1.346939    7.820240
    0.285714    1.346939    7.641264
    0.428571    1.346939    7.463806
    0.571429    1.346939    7.288562
    0.714286    1.346939    7.116176
    0.857143    1.346939    6.947224
    1.000000    1.346939    6.782209
    1.142857    1.346939    6.621550
    1.285714    1.346939    6.465585
    1.428571    1.346939    6.314567
    1.571429    1.346939    6.168673
    1.714286    1.346939    6.028004
    1.857143    1.346939    5.892593
    2.000000    1.346939    5.762416
    2.142857    1.346939    5.637397
    2.285714    1.346939    5.517413
    2.428571    1.346939    5.402307
    2.571429    1.346939    5.291893
    2.714286    1.346939    5.185960
    2.857143    1.346939    5.084279
    3.000000    1.346939    4.986610
    3.142857    1.346939    4.892702
    3.285714    1.346939    4.802302
    3.428571    1.346939    4.715152
    3.571429    1.346939    4.630997
    3.714286    1.346939    4.549584
    3.857143    1.346939    4.470665
    4.000000    1.346939    4.394000
    4.142857    1.346939    4.319356
    4.285714    1.346939    4.246509
    4.428571    1.346939    4.175246
    4.571429    1.346939    4.105366
    4.714286    1.346939    4.036680
    4.857143    1.346939    3.969012
    5.000000    1.346939    3.902200
    5.142857    1.346939    3.836096
    5.285714    1.346939    3.770569
    5.428571    1.346939    3.705499
    5.571429    1.346939    3.640786
    5.714286    1.346939    3.576340
    5.857143    1.346939    3.512087
    6.000000    1.346939    3.447967
    6.142857    1.346939    3.383932
    6.285714    1.346939    3.319943
    6.428571    1.346939    3.255975
    6.571429    1.346939    3.192007
    6.714286    1.346939    3.128026
    6.857143    1.346939    3.064025
    7.000000    1.346939    3.000000

    0.000000    1.408163    8.000000
    0.142857    1.408163    7.827851
    0.285714    1.408163    7.656401
    0.428571    1.408163    7.486303
    0.571429    1.408163    7.318179
    0.714286    1.408163    7.152608
    0.857143    1.408163    6.990109
    1.000000    1.408163    6.831143
    1.142857    1.408163    6.676098
    1.285714    1.408163    6.525290
    1.428571    1.408163    6.378966
    1.571429    1.408163    6.237300
    1.714286    1.408163    6.100401
    1.857143    1.408163    5.968317
    2.000000    1.408163    5.841042
    2.142857    1.408163    5.718517
    2.285714    1.408163    5.600646
    2.428571    1.408163    5.487292
    2.571429    1.408163    5.378292
    2.714286    1.408163    5.273455
    2.857143    1.408163    5.172572
    3.000000    1.408163    5.075420
    3.142857    1.408163    4.981763
    3.285714    1.408163    4.891358
    3.428571    1.408163    4.803959
    3.571429    1.408163    4.719316
    3.714286    1.408163    4.637180
    3.857143    1.408163    4.557306
    4.000000    1.408163    4.479452
    4.142857    1.408163    4.403382
    4.285714    1.408163    4.328868
    4.428571    1.408163    4.255690
    4.571429    1.408163    4.183640
    4.714286    1.408163    4.112520
    4.857143    1.408163    4.042145
    5.000000    1.408163    3.972346
    5.142857    1.408163    3.902965
    5.285714    1.408163    3.833866
    5.428571    1.408163    3.764925
    5.571429    1.408163    3.696038
    5.714286    1.408163    3.627121
    5.857143    1.408163    3.558106
    6.000000    1.408163    3.488943
    6.142857    1.408163    3.419603
    6.285714    1.408163    3.350070
    6.428571    1.408163    3.280346
    6.571429    1.408163    3.210447
    6.714286    1.408163    3.140398
    6.857143    1.408163    3.070235
    7.000000    1.408163    3.000000

    0.000000    1.469388    8.000000
    0.142857    1.469388    7.834852
    0.285714    1.469388    7.670334
    0.428571    1.469388    7.507034
    0.571429    1.469388    7.345511
    0.714286    1.469388    7.186288
    0.857143    1.469388    7.029840
    1.000000    1.469388    6.876587
    1.142857    1.469388    6.726889
    1.285714    1.469388    6.581043
    1.428571    1.469388    6.439283
    1.571429    1.469388    6.301779
    1.714286    1.469388    6.168645
    1.857143    1.469388    6.039933
    2.000000    1.469388    5.915650
    2.142857    1.469388    5.795751
    2.285714    1.469388    5.680156
    2.428571    1.469388    5.568745
    2.571429    1.469388    5.461369
    2.714286    1.469388    5.357856
    2.857143    1.469388    5.258010
    3.000000    1.469388    5.161621
    3.142857    1.469388    5.068465
    3.285714    1.469388    4.978307
    3.428571    1.469388    4.890907
    3.571429    1.469388    4.806020
    3.714286    1.469388    4.723401
    3.857143    1.469388    4.642802
    4.000000    1.469388    4.563980
    4.142857    1.469388    4.486695
    4.285714    1.469388    4.410712
    4.428571    1.469388    4.335804
    4.571429    1.469388    4.261753
    4.714286    1.469388    4.188353
    4.857143    1.469388    4.115408
    5.000000    1.469388    4.042740
    5.142857    1.469388    3.970183
    5.285714    1.469388    3.897591
    5.428571    1.469388    3.824839
    5.571429    1.469388    3.751820
    5.714286    1.469388    3.678451
    5.857143    1.469388    3.604672
    6.000000    1.469388    3.530447
    6.142857    1.469388    3.455764
    6.285714    1.469388    3.380632
    6.428571    1.469388    3.305085
    6.571429    1.469388    3.229173
    6.714286    1.469388    3.152966
    6.857143    1.469388    3.076544
    7.000000    1.469388    3.000000

    0.000000    1.530612    8.000000
    0.142857    1.530612    7.841313
    0.285714    1.530612    7.683201
    0.428571    1.530612    7.526197
    0.571429    1.530612    7.370810
    0.714286    1.530612    7.217517
    0.857143    1.530612    7.066753
    1.000000    1.530612    6.918906
    1.142857    1.530612    6.774309
    1.285714    1.530612    6.633239
    1.428571    1.530612    6.495919
    1.571429    1.530612    6.362511
    1.714286    1.530612    6.233126
    1.857143    1.530612    6.107821
    2.000000    1.530612    5.986607
    2.142857    1.530612    5.869450
    2.285714    1.530612    5.756277
    2.428571    1.530612    5.646982
    2.571429    1.530612    5.541427
    2.714286    1.530612    5.439450
    2.857143    1.530612    5.340868
    3.000000    1.530612    5.245477
    3.142857    1.530612    5.153062
    3.285714    1.530612    5.063395
    3.428571    1.530612    4.976239
    3.571429    1.530612    4.891352
    3.714286    1.530612    4.808488
    3.857143    1.530612    4.727397
    4.000000    1.530612    4.647833
    4.142857    1.530612    4.569548
    4.285714    1.530612    4.492302
    4.428571    1.530612    4.415856
    4.571429    1.530612    4.339984
    4.714286    1.530612    4.264468
    4.857143    1.530612    4.189100
    5.000000    1.530612    4.113690
    5.142857    1.530612    4.038063
    5.285714    1.530612    3.962065
    5.428571    1.530612    3.885562
    5.571429    1.530612    3.808448
    5.714286    1.530612    3.730640
    5.857143    1.530612    3.652085
    6.000000    1.530612    3.572759
    6.142857    1.530612    3.492670
    6.285714    1.530612    3.411855
    6.428571    1.530612    3.330378
    6.571429    1.530612    3.248332
    6.714286    1.530612    3.165830
    6.857143    1.530612    3.083004
    7.000000    1.530612    3.000000

    0.000000    1.591837    8.000000
    0.142857    1.591837    7.847290
    0.285714    1.591837    7.695110
    0.428571    1.591837    7.543950
    0.571429    1.591837    7.394279
    0.714286    1.591837    7.246537
    0.857143    1.591837    7.101126
    1.000000    1.591837    6.958403
    1.142857    1.591837    6.818680
    1.285714    1.591837    6.682215
    1.428571    1.591837    6.549216
    1.571429    1.591837    6.419838
    1.714286    1.591837    6.294185
    1.857143    1.591837    6.172315
    2.000000    1.591837    6.054239
    2.142857    1.591837    5.939927
    2.285714    1.591837    5.829313
    2.428571    1.591837    5.722296
    2.571429    1.591837    5.618746
    2.714286    1.591837    5.518508
    2.857143    1.591837    5.421405
    3.000000    1.591837    5.327240
    3.142857    1.591837    5.235801
    3.285714    1.591837    5.146865
    3.428571    1.591837    5.060196
    3.571429    1.591837    4.975551
    3.714286    1.591837    4.892683
    3.857143    1.591837    4.811338
    4.000000    1.591837    4.731263
    4.142857    1.591837    4.652203
    4.285714    1.591837    4.573908
    4.428571    1.591837    4.496129
    4.571429    1.591837    4.418626
    4.714286    1.591837    4.341168
    4.857143    1.591837    4.263535
    5.000000    1.591837    4.185521
    5.142857    1.591837    4.106941
    5.285714    1.591837    4.027627
    5.428571    1.591837    3.947440
    5.571429    1.591837    3.866266
    5.714286    1.591837    3.784024
    5.857143    1.591837    3.700666
    6.000000    1.591837    3.616183
    6.142857    1.591837    3.530600
    6.285714    1.591837    3.443983
    6.428571    1.591837    3.356432
    6.571429    1.591837    3.268083
    6.714286    1.591837    3.179099
    6.857143    1.591837    3.089670
    7.000000    1.591837    3.000000

    0.000000    1.653061    8.000000
    0.142857    1.653061    7.852825
    0.285714    1.653061    7.706146
    0.428571    1.653061    7.560420
    0.571429    1.653061    7.416084
    0.714286    1.653061    7.273546
    0.857143    1.653061    7.133182
    1.000000    1.653061    6.995327
    1.142857    1.653061    6.860268
    1.285714    1.653061    6.728249
    1.428571    1.653061    6.599462
    1.571429    1.653061    6.474052
    1.714286    1.653061    6.352116
    1.857143    1.653061    6.233707
    2.000000    1.653061    6.118833
    2.142857    1.653061    6.007465
    2.285714    1.653061    5.899538
    2.428571    1.653061    5.794954
    2.571429    1.653061    5.693586
    2.714286    1.653061    5.595283
    2.857143    1.653061    5.499869
    3.000000    1.653061    5.407152
    3.142857    1.653061    5.316922
    3.285714    1.653061    5.228955
    3.428571    1.653061    5.143015
    3.571429    1.653061    5.058858
    3.714286    1.653061    4.976230
    3.857143    1.653061    4.894874
    4.000000    1.653061    4.814528
    4.142857    1.653061    4.734927
    4.285714    1.653061    4.655809
    4.428571    1.653061    4.576913
    4.571429    1.653061    4.497984
    4.714286    1.653061    4.418773
    4.857143    1.653061    4.339046
    5.000000    1.653061    4.258580
    5.142857    1.653061    4.177172
    5.285714    1.653061    4.094643
    5.428571    1.653061    4.010840
    5.571429    1.653061    3.925643
    5.714286    1.653061    3.838967
    5.857143    1.653061    3.750770
    6.000000    1.653061    3.661052
    6.142857    1.653061    3.569859
    6.285714    1.653061    3.477287
    6.428571    1.653061    3.383473
    6.571429    1.653061    3.288603
    6.714286    1.653061    3.192895
    6.857143    1.653061    3.096603
    7.000000    1.653061    3.000000

    0.000000    1.714286    8.000000
    0.142857    1.714286    7.857953
    0.285714    1.714286    7.716377
    0.428571    1.714286    7.575705
    0.571429    1.714286    7.436349
    0.714286    1.714286    7.298696
    0.857143    1.714286    7.163100
    1.000000    1.714286    7.029873
    1.142857    1.714286    6.899288
    1.285714    1.714286    6.771568
    1.428571    1.714286    6.646894
    1.571429    1.714286    6.525397
    1.714286    1.714286    6.407166
    1.857143    1.714286    6.292245
    2.000000    1.714286    6.180637
    2.142857    1.714286    6.072310
    2.285714    1.714286    5.967197
    2.428571    1.714286    5.865197
    2.571429    1.714286    5.766184
    2.714286    1.714286    5.670007
    2.857143    1.714286    5.576491
    3.000000    1.714286    5.485443
    3.142857    1.714286    5.396652
    3.285714    1.714286    5.309893
    3.428571    1.714286    5.224928
    3.571429    1.714286    5.141507
    3.714286    1.714286    5.059371
    3.857143    1.714286    4.978255
    4.000000    1.714286    4.897886
    4.142857    1.714286    4.817990
    4.285714    1.714286    4.738290
    4.428571    1.714286    4.658508
    4.571429    1.714286    4.578372
    4.714286    1.714286    4.497616
    4.857143    1.714286    4.415983
    5.000000    1.714286    4.333231
    5.142857    1.714286    4.249138
    5.285714    1.714286    4.163506
    5.428571    1.714286    4.076165
    5.571429    1.714286    3.986983
    5.714286    1.714286    3.895871
    5.857143    1.714286    3.802785
    6.000000    1.714286    3.707736
    6.142857    1.714286    3.610789
    6.285714    1.714286    3.512069
    6.428571    1.714286    3.411758
    6.571429    1.714286    3.310092
    6.714286    1.714286    3.207356
    6.857143    1.714286    3.103875
    7.000000    1.714286    3.000000

    0.000000    1.775510    8.000000
    0.142857    1.775510    7.862697
    0.285714    1.775510    7.725849
    0.428571    1.775510    7.589873
    0.571429    1.775510    7.455167
    0.714286    1.775510    7.322100
    0.857143    1.775510    7.191009
    1.000000    1.775510    7.062192
    1.142857    1.775510    6.935903
    1.285714    1.775510    6.812351
    1.428571    1.775510    6.691702
    1.571429    1.775510    6.574073
    1.714286    1.775510    6.459541
    1.857143    1.775510    6.348141
    2.000000    1.775510    6.239867
    2.142857    1.775510    6.134679
    2.285714    1.775510    6.032505
    2.428571    1.775510    5.933240
    2.571429    1.775510    5.836755
    2.714286    1.775510    5.742896
    2.857143    1.775510    5.651485
    3.000000    1.775510    5.562327
    3.142857    1.775510    5.475209
    3.285714    1.775510    5.389900
    3.428571    1.775510    5.306158
    3.571429    1.775510    5.223728
    3.714286    1.775510    5.142343
    3.857143    1.775510    5.061728
    4.000000    1.775510    4.981599
    4.142857    1.775510    4.901667
    4.285714    1.775510    4.821639
    4.428571    1.775510    4.741221
    4.571429    1.775510    4.660119
    4.714286    1.775510    4.578043
    4.857143    1.775510    4.494714
    5.000000    1.775510    4.409865
    5.142857    1.775510    4.323247
    5.285714    1.775510    4.234640
    5.428571    1.775510    4.143851
    5.571429    1.775510    4.050732
    5.714286    1.775510    3.955180
    5.857143    1.775510    3.857148
    6.000000    1.775510    3.756653
    6.142857    1.775510    3.653778
    6.285714    1.775510    3.548678
    6.428571    1.775510    3.441581
    6.571429    1.775510    3.332783
    6.714286    1.775510    3.222642
    6.857143    1.775510    3.111566
    7.000000    1.775510    3.000000

    0.000000    1.836735    8.000000
    0.142857    1.836735    7.867071
    0.285714    1.836735    7.734591
    0.428571    1.836735    7.602969
    0.571429    1.836735    7.472596
    0.714286    1.836735    7.343831
    0.857143    1.836735    7.217000
    1.000000    1.836735    7.092388
    1.142857    1.836735    6.970233
    1.285714    1.836735    6.850731
    1.428571    1.836735    6.734030
    1.571429    1.836735    6.620235
    1.714286    1.836735    6.509407
    1.857143    1.836735    6.401567
    2.000000    1.836735    6.296700
    2.142857    1.836735    6.194755
    2.285714    1.836735    6.095650
    2.428571    1.836735    5.999275
    2.571429    1.836735    5.905494
    2.714286    1.836735    5.814146
    2.857143    1.836735    5.725050
    3.000000    1.836735    5.638006
    3.142857    1.836735    5.552795
    3.285714    1.836735    5.469183
    3.428571    1.836735    5.386920
    3.571429    1.836735    5.305744
    3.714286    1.836735    5.225378
    3.857143    1.836735    5.145537
    4.000000    1.836735    5.065923
    4.142857    1.836735    4.986232
    4.285714    1.836735    4.906152
    4.428571    1.836735    4.825367
    4.571429    1.836735    4.743561
    4.714286    1.836735    4.660417
    4.857143    1.836735    4.575627
    5.000000    1.836735    4.488894
    5.142857    1.836735    4.399938
    5.285714    1.836735    4.308506
    5.428571    1.836735    4.214379
    5.571429    1.836735    4.117381
    5.714286    1.836735    4.017391
    5.857143    1.836735    3.914351
    6.000000    1.836735    3.808278
    6.142857    1.836735    3.699270
    6.285714    1.836735    3.587514
    6.428571    1.836735    3.473284
    6.571429    1.836735    3.356945
    6.714286    1.836735    3.238938
    6.857143    1.836735    3.119772
    7.000000    1.836735    3.000000

    0.000000    1.897959    8.000000
    0.142857    1.897959    7.871080
    0.285714    1.897959    7.742611
    0.428571    1.897959    7.615008
    0.571429    1.897959    7.488660
    0.714286    1.897959    7.363924
    0.857143    1.897959    7.241119
    1.000000    1.897959    7.120520
    1.142857    1.897959    7.002352
    1.285714    1.897959    6.886795
    1.428571    1.897959    6.773982
    1.571429    1.897959    6.663999
    1.714286    1.897959    6.556891
    1.857143    1.897959    6.452663
    2.000000    1.897959    6.351285
    2.142857    1.897959    6.252694
    2.285714    1.897959    6.156795
    2.428571    1.897959    6.063469
    2.571429    1.897959    5.972570
    2.714286    1.897959    5.883932
    2.857143    1.897959    5.797365
    3.000000    1.897959    5.712663
    3.142857    1.897959    5.629602
    3.285714    1.897959    5.547939
    3.428571    1.897959    5.467419
    3.571429    1.897959    5.387768
    3.714286    1.897959    5.308702
    3.857143    1.897959    5.229921
    4.000000    1.897959    5.151114
    4.142857    1.897959    5.071958
    4.285714    1.897959    4.992122
    4.428571    1.897959    4.911266
    4.571429    1.897959    4.829045
    4.714286    1.897959    4.745113
    4.857143    1.897959    4.659128
    5.000000    1.897959    4.570756
    5.142857    1.897959    4.479680
    5.285714    1.897959    4.385605
    5.428571    1.897959    4.288275
    5.571429    1.897959    4.187478
    5.714286    1.897959    4.083064
    5.857143    1.897959    3.974954
    6.000000    1.897959    3.863159
    6.142857    1.897959    3.747784
    6.285714    1.897959    3.629046
    6.428571    1.897959    3.507272
    6.571429    1.897959    3.382900
    6.714286    1.897959    3.256470
    6.857143    1.897959    3.128607
    7.000000    1.897959    3.000000

    0.000000    1.959184    8.000000
    0.142857    1.959184    7.874717
    0.285714    1.959184    7.749901
    0.428571    1.959184    7.625978
    0.571429    1.959184    7.503349
    0.714286    1.959184    7.382374
    0.857143    1.959184    7.263369
    1.000000    1.959184    7.146603
    1.142857    1.959184    7.032288
    1.285714    1.959184    6.920588
    1.428571    1.959184    6.811615
    1.571429    1.959184    6.705439
    1.714286    1.959184    6.602082
    1.857143    1.959184    6.501531
    2.000000    1.959184    6.403737
    2.142857    1.959184    6.308621
    2.285714    1.959184    6.216075
    2.428571    1.959184    6.125965
    2.571429    1.959184    6.038136
    2.714286    1.959184    5.952411
    2.857143    1.959184    5.868594
    3.000000    1.959184    5.786469
    3.142857    1.959184    5.705805
    3.285714    1.959184    5.626352
    3.428571    1.959184    5.547845
    3.571429    1.959184    5.470002
    3.714286    1.959184    5.392528
    3.857143    1.959184    5.315108
    4.000000    1.959184    5.237417
    4.142857    1.959184    5.159113
    4.285714    1.959184    5.079842
    4.428571    1.959184    4.999236
    4.571429    1.959184    4.916922
    4.714286    1.959184    4.832518
    4.857143    1.959184    4.745643
    5.000000    1.959184    4.655917
    5.142857    1.959184    4.562978
    5.285714    1.959184    4.466481
    5.428571    1.959184    4.366119
    5.571429    1.959184    4.261634
    5.714286    1.959184    4.152831
    5.857143    1.959184    4.039599
    6.000000    1.959184    3.921928
    6.142857    1.959184    3.799926
    6.285714    1.959184    3.673832
    6.428571    1.959184    3.544027
    6.571429    1.959184    3.411034
    6.714286    1.959184    3.275506
    6.857143    1.959184    3.138212
    7.000000    1.959184    3.000000

    0.000000    2.020408    8.000000
    0.142857    2.020408    7.877965
    0.285714    2.020408    7.756426
    0.428571    2.020408    7.635835
    0.571429    2.020408    7.516612
    0.714286    2.020408    7.399129
    0.857143    2.020408    7.283706
    1.000000    2.020408    7.170604
    1.142857    2.020408    7.060022
    1.285714    2.020408    6.952107
    1.428571    2.020408    6.846949
    1.571429    2.020408    6.744591
    1.714286    2.020408    6.645035
    1.857143    2.020408    6.548242
    2.000000    2.020408    6.454142
    2.142857    2.020408    6.362637
    2.285714    2.020408    6.273600
    2.428571    2.020408    6.186884
    2.571429    2.020408    6.102321
    2.714286    2.020408    6.019722
    2.857143    2.020408    5.938881
    3.000000    2.020408    5.859575
    3.142857    2.020408    5.781563
    3.285714    2.020408    5.704588
    3.428571    2.020408    5.628376
    3.571429    2.020408    5.552636
    3.714286    2.020408    5.477059
    3.857143    2.020408    5.401319
    4.000000    2.020408    5.325073
    4.142857    2.020408    5.247959
    4.285714    2.020408    5.169599
    4.428571    2.020408    5.089599
    4.571429    2.020408    5.007549
    4.714286    2.020408    4.923029
    4.857143    2.020408    4.835610
    5.000000    2.020408    4.744865
    5.142857    2.020408    4.650372
    5.285714    2.020408    4.551725
    5.428571    2.020408    4.448554
    5.571429    2.020408    4.340535
    5.714286    2.020408    4.227413
    5.857143    2.020408    4.109026
    6.000000    2.020408    3.985329
    6.142857    2.020408    3.856414
    6.285714    2.020408    3.722539
    6.428571    2.020408    3.584135
    6.571429    2.020408    3.441819
    6.714286    2.020408    3.296380
    6.857143    2.020408    3.148756
    7.000000    2.020408    3.000000

    0.000000    2.081633    8.000000
    0.142857    2.081633    7.880792
    0.285714    2.081633    7.762127
    0.428571    2.081633    7.644497
    0.571429    2.081633    7.528354
    0.714286    2.081633    7.414092
    0.857143    2.081633    7.302034
    1.000000    2.081633    7.192438
    1.142857    2.081633    7.085488
    1.285714    2.081633    6.981306
    1.428571    2.081633    6.879957
    1.571429    2.081633    6.781454
    1.714286    2.081633    6.685769
    1.857143    2.081633    6.592836
    2.000000    2.081633    6.502559
    2.142857    2.081633    6.414815
    2.285714    2.081633    6.329460
    2.428571    2.081633    6.246328
    2.571429    2.081633    6.165236
    2.714286    2.081633    6.085984
    2.857143    2.081633    6.008355
    3.000000    2.081633    5.932117
    3.142857    2.081633    5.857021
    3.285714    2.081633    5.782801
    3.428571    2.081633    5.709175
    3.571429    2.081633    5.635842
    3.714286    2.081633    5.562482
    3.857143    2.081633    5.488756
    4.000000    2.081633    5.414305
    4.142857    2.081633    5.338745
    4.285714    2.081633    5.261674
    4.428571    2.081633    5.182667
    4.571429    2.081633    5.101279
    4.714286    2.081633    5.017044
    4.857143    2.081633    4.929485
    5.000000    2.081633    4.838112
    5.142857    2.081633    4.742435
    5.285714    2.081633    4.641977
    5.428571    2.081633    4.536283
    5.571429    2.081633    4.424947
    5.714286    2.081633    4.307630
    5.857143    2.081633    4.184094
    6.000000    2.081633    4.054234
    6.142857    2.081633    3.918108
    6.285714    2.081633    3.775974
    6.428571    2.081633    3.628312
    6.571429    2.081633    3.475840
    6.714286    2.081633    3.319504
    6.857143    2.081633    3.160456
    7.000000    2.081633    3.000000

    0.000000    2.142857    8.000000
    0.142857    2.142857    7.883150
    0.285714    2.142857    7.766910
    0.428571    2.142857    7.651836
    0.571429    2.142857    7.538427
    0.714286    2.142857    7.427102
    0.857143    2.142857    7.318199
    1.000000    2.142857    7.211964
    1.142857    2.142857    7.108564
    1.285714    2.142857    7.008090
    1.428571    2.142857    6.910572
    1.571429    2.142857    6.815988
    1.714286    2.142857    6.724271
    1.857143    2.142857    6.635324
    2.000000    2.142857    6.549019
    2.142857    2.142857    6.465208
    2.285714    2.142857    6.383722
    2.428571    2.142857    6.304376
    2.571429    2.142857    6.226973
    2.714286    2.142857    6.151299
    2.857143    2.142857    6.077127
    3.000000    2.142857    6.004214
    3.142857    2.142857    5.932304
    3.285714    2.142857    5.861125
    3.428571    2.142857    5.790386
    3.571429    2.142857    5.719776
    3.714286    2.142857    5.648968
    3.857143    2.142857    5.577608
    4.000000    2.142857    5.505321
    4.142857    2.142857    5.431704
    4.285714    2.142857    5.356331
    4.428571    2.142857    5.278744
    4.571429    2.142857    5.198459
    4.714286    2.142857    5.114965
    4.857143    2.142857    5.027726
    5.000000    2.142857    4.936185
    5.142857    2.142857    4.839775
    5.285714    2.142857    4.737926
    5.428571    2.142857    4.630083
    5.571429    2.142857    4.515730
    5.714286    2.142857    4.394418
    5.857143    2.142857    4.265801
    6.000000    2.142857    4.129679
    6.142857    2.142857    3.986044
    6.285714    2.142857    3.835129
    6.428571    2.142857    3.677450
    6.571429    2.142857    3.513831
    6.714286    2.142857    3.345404
    6.857143    2.142857    3.173585
    7.000000    2.142857    3.000000

    0.000000    2.204082    8.000000
    0.142857    2.204082    7.884965
    0.285714    2.204082    7.770639
    0.428571    2.204082    7.657668
    0.571429    2.204082    7.546613
    0.714286    2.204082    7.437934
    0.857143    2.204082    7.331977
    1.000000    2.204082    7.228977
    1.142857    2.204082    7.129072
    1.285714    2.204082    7.032313
    1.428571    2.204082    6.938684
    1.571429    2.204082    6.848116
    1.714286    2.204082    6.760498
    1.857143    2.204082    6.675692
    2.000000    2.204082    6.593535
    2.142857    2.204082    6.513847
    2.285714    2.204082    6.436435
    2.428571    2.204082    6.361095
    2.571429    2.204082    6.287610
    2.714286    2.204082    6.215755
    2.857143    2.204082    6.145291
    3.000000    2.204082    6.075969
    3.142857    2.204082    6.007524
    3.285714    2.204082    5.939679
    3.428571    2.204082    5.872135
    3.571429    2.204082    5.804577
    3.714286    2.204082    5.736666
    3.857143    2.204082    5.668040
    4.000000    2.204082    5.598307
    4.142857    2.204082    5.527049
    4.285714    2.204082    5.453813
    4.428571    2.204082    5.378111
    4.571429    2.204082    5.299420
    4.714286    2.204082    5.217180
    4.857143    2.204082    5.130792
    5.000000    2.204082    5.039626
    5.142857    2.204082    4.943022
    5.285714    2.204082    4.840305
    5.428571    2.204082    4.730796
    5.571429    2.204082    4.613842
    5.714286    2.204082    4.488847
    5.857143    2.204082    4.355312
    6.000000    2.204082    4.212897
    6.142857    2.204082    4.061480
    6.285714    2.204082    3.901230
    6.428571    2.204082    3.732671
    6.571429    2.204082    3.556730
    6.714286    2.204082    3.374759
    6.857143    2.204082    3.188499
    7.000000    2.204082    3.000000

    0.000000    2.265306    8.000000
    0.142857    2.265306    7.886134
    0.285714    2.265306    7.773121
    0.428571    2.265306    7.661730
    0.571429    2.265306    7.552611
    0.714286    2.265306    7.446270
    0.857143    2.265306    7.343062
    1.000000    2.265306    7.243199
    1.142857    2.265306    7.146773
    1.285714    2.265306    7.053779
    1.428571    2.265306    6.964140
    1.571429    2.265306    6.877728
    1.714286    2.265306    6.794378
    1.857143    2.265306    6.713902
    2.000000    2.265306    6.636097
    2.142857    2.265306    6.560749
    2.285714    2.265306    6.487637
    2.428571    2.265306    6.416534
    2.571429    2.265306    6.347209
    2.714286    2.265306    6.279423
    2.857143    2.265306    6.212928
    3.000000    2.265306    6.147468
    3.142857    2.265306    6.082773
    3.285714    2.265306    6.018560
    3.428571    2.265306    5.954529
    3.571429    2.265306    5.890357
    3.714286    2.265306    5.825702
    3.857143    2.265306    5.760191
    4.000000    2.265306    5.693424
    4.142857    2.265306    5.624963
    4.285714    2.265306    5.554336
    4.428571    2.265306    5.481026
    4.571429    2.265306    5.404471
    4.714286    2.265306    5.324060
    4.857143    2.265306    5.239131
    5.000000    2.265306    5.148973
    5.142857    2.265306    5.052824
    5.285714    2.265306    4.949886
    5.428571    2.265306    4.839335
    5.571429    2.265306    4.720346
    5.714286    2.265306    4.592129
    5.857143    2.265306    4.453983
    6.000000    2.265306    4.305361
    6.142857    2.265306    4.145958
    6.285714    2.265306    3.975813
    6.428571    2.265306    3.795407
    6.571429    2.265306    3.605756
    6.714286    2.265306    3.408458
    6.857143    2.265306    3.205670
    7.000000    2.265306    3.000000

    0.000000    2.326531    8.000000
    0.142857    2.326531    7.886510
    0.285714    2.326531    7.774081
    0.428571    2.326531    7.663657
    0.571429    2.326531    7.556005
    0.714286    2.326531    7.451686
    0.857143    2.326531    7.351050
    1.000000    2.326531    7.254267
    1.142857    2.326531    7.161357
    1.285714    2.326531    7.072237
    1.428571    2.326531    6.986748
    1.571429    2.326531    6.904686
    1.714286    2.326531    6.825818
    1.857143    2.326531    6.749901
    2.000000    2.326531    6.676684
    2.142857    2.326531    6.605917
    2.285714    2.326531    6.537350
    2.428571    2.326531    6.470734
    2.571429    2.326531    6.405823
    2.714286    2.326531    6.342365
    2.857143    2.326531    6.280105
    3.000000    2.326531    6.218783
    3.142857    2.326531    6.158126
    3.285714    2.326531    6.097849
    3.428571    2.326531    6.037651
    3.571429    2.326531    5.977208
    3.714286    2.326531    5.916174
    3.857143    2.326531    5.854173
    4.000000    2.326531    5.790797
    4.142857    2.326531    5.725596
    4.285714    2.326531    5.658081
    4.428571    2.326531    5.587708
    4.571429    2.326531    5.513881
    4.714286    2.326531    5.435941
    4.857143    2.326531    5.353162
    5.000000    2.326531    5.264746
    5.142857    2.326531    5.169827
    5.285714    2.326531    5.067465
    5.428571    2.326531    4.956668
    5.571429    2.326531    4.836402
    5.714286    2.326531    4.705636
    5.857143    2.326531    4.563392
    6.000000    2.326531    4.408834
    6.142857    2.326531    4.241373
    6.285714    2.326531    4.060815
    6.428571    2.326531    3.867512
    6.571429    2.326531    3.662519
    6.714286    2.326531    3.447701
    6.857143    2.326531    3.225739
    7.000000    2.326531    3.000000

    0.000000    2.387755    8.000000
    0.142857    2.387755    7.885879
    0.285714    2.387755    7.773128
    0.428571    2.387755    7.662938
    0.571429    2.387755    7.556230
    0.714286    2.387755    7.453615
    0.857143    2.387755    7.355417
    1.000000    2.387755    7.261721
    1.142857    2.387755    7.172445
    1.285714    2.387755    7.087386
    1.428571    2.387755    7.006280
    1.571429    2.387755    6.928825
    1.714286    2.387755    6.854710
    1.857143    2.387755    6.783625
    2.000000    2.387755    6.715268
    2.142857    2.387755    6.649351
    2.285714    2.387755    6.585594
    2.428571    2.387755    6.523729
    2.571429    2.387755    6.463494
    2.714286    2.387755    6.404630
    2.857143    2.387755    6.346876
    3.000000    2.387755    6.289971
    3.142857    2.387755    6.233641
    3.285714    2.387755    6.177604
    3.428571    2.387755    6.121561
    3.571429    2.387755    6.065192
    3.714286    2.387755    6.008150
    3.857143    2.387755    5.950062
    4.000000    2.387755    5.890515
    4.142857    2.387755    5.829056
    4.285714    2.387755    5.765180
    4.428571    2.387755    5.698328
    4.571429    2.387755    5.627871
    4.714286    2.387755    5.553109
    4.857143    2.387755    5.473255
    5.000000    2.387755    5.387429
    5.142857    2.387755    5.294651
    5.285714    2.387755    5.193837
    5.428571    2.387755    5.083798
    5.571429    2.387755    4.963260
    5.714286    2.387755    4.830891
    5.857143    2.387755    4.685358
    6.000000    2.387755    4.525420
    6.142857    2.387755    4.350067
    6.285714    2.387755    4.158711
    6.428571    2.387755    3.951422
    6.571429    2.387755    3.729190
    6.714286    2.387755    3.494135
    6.857143    2.387755    3.249601
    7.000000    2.387755    3.000000

    0.000000    2.448980    8.000000
    0.142857    2.448980    7.883930
    0.285714    2.448980    7.769699
    0.428571    2.448980    7.658855
    0.571429    2.448980    7.552510
    0.714286    2.448980    7.451308
    0.857143    2.448980    7.355490
    1.000000    2.448980    7.264998
    1.142857    2.448980    7.179581
    1.285714    2.448980    7.098879
    1.428571    2.448980    7.022481
    1.571429    2.448980    6.949970
    1.714286    2.448980    6.880940
    1.857143    2.448980    6.815009
    2.000000    2.448980    6.751821
    2.142857    2.448980    6.691050
    2.285714    2.448980    6.632388
    2.428571    2.448980    6.575551
    2.571429    2.448980    6.520263
    2.714286    2.448980    6.466262
    2.857143    2.448980    6.413286
    3.000000    2.448980    6.361075
    3.142857    2.448980    6.309360
    3.285714    2.448980    6.257865
    3.428571    2.448980    6.206297
    3.571429    2.448980    6.154343
    3.714286    2.448980    6.101666
    3.857143    2.448980    6.047896
    4.000000    2.448980    5.992625
    4.142857    2.448980    5.935400
    4.285714    2.448980    5.875713
    4.428571    2.448980    5.812993
    4.571429    2.448980    5.746594
    4.714286    2.448980    5.675779
    4.857143    2.448980    5.599711
    5.000000    2.448980    5.517435
    5.142857    2.448980    5.427862
    5.285714    2.448980    5.329757
    5.428571    2.448980    5.221728
    5.571429    2.448980    5.102226
    5.714286    2.448980    4.969561
    5.857143    2.448980    4.821951
    6.000000    2.448980    4.657615
    6.142857    2.448980    4.474928
    6.285714    2.448980    4.272674
    6.428571    2.448980    4.050382
    6.571429    2.448980    3.808758
    6.714286    2.448980    3.550095
    6.857143    2.448980    3.278545
    7.000000    2.448980    3.000000

    0.000000    2.510204    8.000000
    0.142857    2.510204    7.880189
    0.285714    2.510204    7.762958
    0.428571    2.510204    7.650378
    0.571429    2.510204    7.543781
    0.714286    2.510204    7.443779
    0.857143    2.510204    7.350427
    1.000000    2.510204    7.263417
    1.142857    2.510204    7.182247
    1.285714    2.510204    7.106333
    1.428571    2.510204    7.035086
    1.571429    2.510204    6.967947
    1.714286    2.510204    6.904404
    1.857143    2.510204    6.844000
    2.000000    2.510204    6.786328
    2.142857    2.510204    6.731024
    2.285714    2.510204    6.677759
    2.428571    2.510204    6.626234
    2.571429    2.510204    6.576170
    2.714286    2.510204    6.527302
    2.857143    2.510204    6.479372
    3.000000    2.510204    6.432127
    3.142857    2.510204    6.385309
    3.285714    2.510204    6.338650
    3.428571    2.510204    6.291869
    3.571429    2.510204    6.244668
    3.714286    2.510204    6.196720
    3.857143    2.510204    6.147670
    4.000000    2.510204    6.097120
    4.142857    2.510204    6.044628
    4.285714    2.510204    5.989691
    4.428571    2.510204    5.931739
    4.571429    2.510204    5.870117
    4.714286    2.510204    5.804071
    4.857143    2.510204    5.732728
    5.000000    2.510204    5.655071
    5.142857    2.510204    5.569920
    5.285714    2.510204    5.475897
    5.428571    2.510204    5.371405
    5.571429    2.510204    5.254603
    5.714286    2.510204    5.123400
    5.857143    2.510204    4.975471
    6.000000    2.510204    4.808335
    6.142857    2.510204    4.619507
    6.285714    2.510204    4.406796
    6.428571    2.510204    4.168771
    6.571429    2.510204    3.905431
    6.714286    2.510204    3.618982
    6.857143    2.510204    3.314497
    7.000000    2.510204    3.000000

    0.000000    2.571429    8.000000
    0.142857    2.571429    7.873908
    0.285714    2.571429    7.751633
    0.428571    2.571429    7.636013
    0.571429    2.571429    7.528579
    0.714286    2.571429    7.429747
    0.857143    2.571429    7.339190
    1.000000    2.571429    7.256189
    1.142857    2.571429    7.179871
    1.285714    2.571429    7.109359
    1.428571    2.571429    7.043842
    1.571429    2.571429    6.982604
    1.714286    2.571429    6.925025
    1.857143    2.571429    6.870574
    2.000000    2.571429    6.818797
    2.142857    2.571429    6.769303
    2.285714    2.571429    6.721747
    2.428571    2.571429    6.675825
    2.571429    2.571429    6.631258
    2.714286    2.571429    6.587788
    2.857143    2.571429    6.545166
    3.000000    2.571429    6.503151
    3.142857    2.571429    6.461498
    3.285714    2.571429    6.419957
    3.428571    2.571429    6.378264
    3.571429    2.571429    6.336138
    3.714286    2.571429    6.293274
    3.857143    2.571429    6.249335
    4.000000    2.571429    6.203944
    4.142857    2.571429    6.156677
    4.285714    2.571429    6.107052
    4.428571    2.571429    6.054510
    4.571429    2.571429    5.998408
    4.714286    2.571429    5.937991
    4.857143    2.571429    5.872373
    5.000000    2.571429    5.800502
    5.142857    2.571429    5.721130
    5.285714    2.571429    5.632767
    5.428571    2.571429    5.533633
    5.571429    2.571429    5.421603
    5.714286    2.571429    5.294164
    5.857143    2.571429    5.148378
    6.000000    2.571429    4.980903
    6.142857    2.571429    4.788102
    6.285714    2.571429    4.566339
    6.428571    2.571429    4.312561
    6.571429    2.571429    4.025274
    6.714286    2.571429    3.705939
    6.857143    2.571429    3.360474
    7.000000    2.571429    3.000000

    0.000000    2.632653    8.000000
    0.142857    2.632653    7.863845
    0.285714    2.632653    7.733715
    0.428571    2.632653    7.613544
    0.571429    2.632653    7.504879
    0.714286    2.632653    7.407565
    0.857143    2.632653    7.320547
    1.000000    2.632653    7.242447
    1.142857    2.632653    7.171878
    1.285714    2.632653    7.107598
    1.428571    2.632653    7.048546
    1.571429    2.632653    6.993846
    1.714286    2.632653    6.942776
    1.857143    2.632653    6.894747
    2.000000    2.632653    6.849272
    2.142857    2.632653    6.805942
    2.285714    2.632653    6.764412
    2.428571    2.632653    6.724381
    2.571429    2.632653    6.685579
    2.714286    2.632653    6.647761
    2.857143    2.632653    6.610696
    3.000000    2.632653    6.574159
    3.142857    2.632653    6.537925
    3.285714    2.632653    6.501766
    3.428571    2.632653    6.465442
    3.571429    2.632653    6.428696
    3.714286    2.632653    6.391249
    3.857143    2.632653    6.352793
    4.000000    2.632653    6.312979
    4.142857    2.632653    6.271415
    4.285714    2.632653    6.227649
    4.428571    2.632653    6.181154
    4.571429    2.632653    6.131314
    4.714286    2.632653    6.077401
    4.857143    2.632653    6.018544
    5.000000    2.632653    5.953693
    5.142857    2.632653    5.881576
    5.285714    2.632653    5.800638
    5.428571    2.632653    5.708968
    5.571429    2.632653    5.604207
    5.714286    2.632653    5.483451
    5.857143    2.632653    5.343131
    6.000000    2.632653    5.178932
    6.142857    2.632653    4.985773
    6.285714    2.632653    4.757994
    6.428571    2.632653    4.489934
    6.571429    2.632653    4.177219
    6.714286    2.632653    3.819059
    6.857143    2.632653    3.421468
    7.000000    2.632653    3.000000

    0.000000    2.693878    8.000000
    0.142857    2.693878    7.847789
    0.285714    2.693878    7.705888
    0.428571    2.693878    7.579638
    0.571429    2.693878    7.469917
    0.714286    2.693878    7.375195
    0.857143    2.693878    7.293114
    1.000000    2.693878    7.221316
    1.142857    2.693878    7.157758
    1.285714    2.693878    7.100784
    1.428571    2.693878    7.049091
    1.571429    2.693878    7.001663
    1.714286    2.693878    6.957708
    1.857143    2.693878    6.916600
    2.000000    2.693878    6.877845
    2.142857    2.693878    6.841038
    2.285714    2.693878    6.805844
    2.428571    2.693878    6.771980
    2.571429    2.693878    6.739196
    2.714286    2.693878    6.707269
    2.857143    2.693878    6.675990
    3.000000    2.693878    6.645158
    3.142857    2.693878    6.614575
    3.285714    2.693878    6.584040
    3.428571    2.693878    6.553341
    3.571429    2.693878    6.522253
    3.714286    2.693878    6.490530
    3.857143    2.693878    6.457898
    4.000000    2.693878    6.424051
    4.142857    2.693878    6.388636
    4.285714    2.693878    6.351247
    4.428571    2.693878    6.311406
    4.571429    2.693878    6.268549
    4.714286    2.693878    6.222001
    4.857143    2.693878    6.170942
    5.000000    2.693878    6.114372
    5.142857    2.693878    6.051053
    5.285714    2.693878    5.979437
    5.428571    2.693878    5.897572
    5.571429    2.693878    5.802973
    5.714286    2.693878    5.692449
    5.857143    2.693878    5.561896
    6.000000    2.693878    5.406036
    6.142857    2.693878    5.218162
    6.285714    2.693878    4.990010
    6.428571    2.693878    4.712024
    6.571429    2.693878    4.374651
    6.714286    2.693878    3.971638
    6.857143    2.693878    3.506348
    7.000000    2.693878    3.000000

    0.000000    2.755102    8.000000
    0.142857    2.755102    7.821450
    0.285714    2.755102    7.662452
    0.428571    2.755102    7.529263
    0.571429    2.755102    7.420030
    0.714286    2.755102    7.330271
    0.857143    2.755102    7.255503
    1.000000    2.755102    7.192064
    1.142857    2.755102    7.137185
    1.285714    2.755102    7.088836
    1.428571    2.755102    7.045530
    1.571429    2.755102    7.006179
    1.714286    2.755102    6.969972
    1.857143    2.755102    6.936294
    2.000000    2.755102    6.904671
    2.142857    2.755102    6.874730
    2.285714    2.755102    6.846165
    2.428571    2.755102    6.818724
    2.571429    2.755102    6.792188
    2.714286    2.755102    6.766365
    2.857143    2.755102    6.741075
    3.000000    2.755102    6.716150
    3.142857    2.755102    6.691422
    3.285714    2.755102    6.666722
    3.428571    2.755102    6.641874
    3.571429    2.755102    6.616689
    3.714286    2.755102    6.590960
    3.857143    2.755102    6.564459
    4.000000    2.755102    6.536926
    4.142857    2.755102    6.508062
    4.285714    2.755102    6.477520
    4.428571    2.755102    6.444892
    4.571429    2.755102    6.409686
    4.714286    2.755102    6.371312
    4.857143    2.755102    6.329044
    5.000000    2.755102    6.281983
    5.142857    2.755102    6.228997
    5.285714    2.755102    6.168644
    5.428571    2.755102    6.099060
    5.571429    2.755102    6.017797
    5.714286    2.755102    5.921600
    5.857143    2.755102    5.806078
    6.000000    2.755102    5.665247
    6.142857    2.755102    5.490912
    6.285714    2.755102    5.271925
    6.428571    2.755102    4.993553
    6.571429    2.755102    4.637761
    6.714286    2.755102    4.186515
    6.857143    2.755102    3.632292
    7.000000    2.755102    3.000000

    0.000000    2.816327    8.000000
    0.142857    2.816327    7.775577
    0.285714    2.816327    7.593240
    0.428571    2.816327    7.454976
    0.571429    2.816327    7.350727
    0.714286    2.816327    7.270428
    0.857143    2.816327    7.206644
    1.000000    2.816327    7.154343
    1.142857    2.816327    7.110188
    1.285714    2.816327    7.071957
    1.428571    2.816327    7.038139
    1.571429    2.816327    7.007685
    1.714286    2.816327    6.979848
    1.857143    2.816327    6.954082
    2.000000    2.816327    6.929975
    2.142857    2.816327    6.907209
    2.285714    2.816327    6.885532
    2.428571    2.816327    6.864738
    2.571429    2.816327    6.844649
    2.714286    2.816327    6.825111
    2.857143    2.816327    6.805984
    3.000000    2.816327    6.787135
    3.142857    2.816327    6.768432
    3.285714    2.816327    6.749745
    3.428571    2.816327    6.730936
    3.571429    2.816327    6.711859
    3.714286    2.816327    6.692353
    3.857143    2.816327    6.672239
    4.000000    2.816327    6.651314
    4.142857    2.816327    6.629345
    4.285714    2.816327    6.606057
    4.428571    2.816327    6.581124
    4.571429    2.816327    6.554155
    4.714286    2.816327    6.524674
    4.857143    2.816327    6.492089
    5.000000    2.816327    6.455660
    5.142857    2.816327    6.414441
    5.285714    2.816327    6.367207
    5.428571    2.816327    6.312340
    5.571429    2.816327    6.247661
    5.714286    2.816327    6.170171
    5.857143    2.816327    6.075654
    6.000000    2.816327    5.958036
    6.142857    2.816327    5.808376
    6.285714    2.816327    5.613277
    6.428571    2.816327    5.352542
    6.571429    2.816327    4.996353
    6.714286    2.816327    4.504386
    6.857143    2.816327    3.836311
    7.000000    2.816327    3.000000

    0.000000    2.877551    8.000000
    0.142857    2.877551    7.687634
    0.285714    2.877551    7.479977
    0.428571    2.877551    7.346710
    0.571429    2.877551    7.257514
    0.714286    2.877551    7.194119
    0.857143    2.877551    7.146362
    1.000000    2.877551    7.108542
    1.142857    2.877551    7.077342
    1.285714    2.877551    7.050746
    1.428571    2.877551    7.027471
    1.571429    2.877551    7.006669
    1.714286    2.877551    6.987757
    1.857143    2.877551    6.970318
    2.000000    2.877551    6.954049
    2.142857    2.877551    6.938717
    2.285714    2.877551    6.924140
    2.428571    2.877551    6.910171
    2.571429    2.877551    6.896687
    2.714286    2.877551    6.883579
    2.857143    2.877551    6.870750
    3.000000    2.877551    6.858108
    3.142857    2.877551    6.845563
    3.285714    2.877551    6.833027
    3.428571    2.877551    6.820404
    3.571429    2.877551    6.807594
    3.714286    2.877551    6.794488
    3.857143    2.877551    6.780963
    4.000000    2.877551    6.766879
    4.142857    2.877551    6.752076
    4.285714    2.877551    6.736362
    4.428571    2.877551    6.719513
    4.571429    2.877551    6.701255
    4.714286    2.877551    6.681252
    4.857143    2.877551    6.659086
    5.000000    2.877551    6.634228
    5.142857    2.877551    6.605996
    5.285714    2.877551    6.573493
    5.428571    2.877551    6.535516
    5.571429    2.877551    6.490411
    5.714286    2.877551    6.435839
    5.857143    2.877551    6.368391
    6.000000    2.877551    6.282919
    6.142857    2.877551    6.171324
    6.285714    2.877551    6.020303
    6.428571    2.877551    5.807011
    6.571429    2.877551    5.490746
    6.714286    2.877551    4.998375
    6.857143    2.877551    4.208569
    7.000000    2.877551    3.000000

    0.000000    2.938776    8.000000
    0.142857    2.938776    7.494992
    0.285714    2.938776    7.292339
    0.428571    2.938776    7.194391
    0.571429    2.938776    7.138525
    0.714286    2.938776    7.102203
    0.857143    2.938776    7.076178
    1.000000    2.938776    7.056161
    1.142857    2.938776    7.039938
    1.285714    2.938776    7.026263
    1.428571    2.938776    7.014384
    1.571429    2.938776    7.003821
    1.714286    2.938776    6.994252
    1.857143    2.938776    6.985451
    2.000000    2.938776    6.977254
    2.142857    2.938776    6.969540
    2.285714    2.938776    6.962213
    2.428571    2.938776    6.955196
    2.571429    2.938776    6.948426
    2.714286    2.938776    6.941847
    2.857143    2.938776    6.935408
    3.000000    2.938776    6.929065
    3.142857    2.938776    6.922769
    3.285714    2.938776    6.916477
    3.428571    2.938776    6.910140
    3.571429    2.938776    6.903708
    3.714286    2.938776    6.897124
    3.857143    2.938776    6.890326
    4.000000    2.938776    6.883243
    4.142857    2.938776    6.875793
    4.285714    2.938776    6.867879
    4.428571    2.938776    6.859384
    4.571429    2.938776    6.850169
    4.714286    2.938776    6.840059
    4.857143    2.938776    6.828839
    5.000000    2.938776    6.816232
    5.142857    2.938776    6.801879
    5.285714    2.938776    6.785306
    5.428571    2.938776    6.765869
    5.571429    2.938776    6.742672
    5.714286    2.938776    6.714422
    5.857143    2.938776    6.679189
    6.000000    2.938776    6.633955
    6.142857    2.938776    6.573723
    6.285714    2.938776    6.489623
    6.428571    2.938776    6.364471
    6.571429    2.938776    6.161255
    6.714286    2.938776    5.789805
    6.857143    2.938776    4.999594
    7.000000    2.938776    3.000000

    0.000000    3.000000    8.000000
    0.142857    3.000000    7.000000
    0.285714    3.000000    7.000000
    0.428571    3.000000    7.000000
    0.571429    3.000000    7.000000
    0.714286    3.000000    7.000000
    0.857143    3.000000    7.000000
    1.000000    3.000000    7.000000
    1.142857    3.000000    7.000000
    1.285714    3.000000    7.000000
    1.428571    3.000000    7.000000
    1.571429    3.000000    7.000000
    1.714286    3.000000    7.000000
    1.857143    3.000000    7.000000
    2.000000    3.000000    7.000000
    2.142857    3.000000    7.000000
    2.285714    3.000000    7.000000
    2.428571    3.000000    7.000000
    2.571429    3.000000    7.000000
    2.714286    3.000000    7.000000
    2.857143    3.000000    7.000000
    3.000000    3.000000    7.000000
    3.142857    3.000000    7.000000
    3.285714    3.000000    7.000000
    3.428571    3.000000    7.000000
    3.571429    3.000000    7.000000
    3.714286    3.000000    7.000000
    3.857143    3.000000    7.000000
    4.000000    3.000000    7.000000
    4.142857    3.000000    7.000000
    4.285714    3.000000    7.000000
    4.428571    3.000000    7.000000
    4.571429    3.000000    7.000000
    4.714286    3.000000    7.000000
    4.857143    3.000000    7.000000
    5.000000    3.000000    7.000000
    5.142857    3.000000    7.000000
    5.285714    3.000000    7.000000
    5.428571    3.000000    7.000000
    5.571429    3.000000    7.000000
    5.714286    3.000000    7.000000
    5.857143    3.000000    7.000000
    6.000000    3.000000    7.000000
    6.142857    3.000000    7.000000
    6.285714    3.000000    7.000000
    6.428571    3.000000    7.000000
    6.571429    3.000000    7.000000
    6.714286    3.000000    7.000000
    6.857143    3.000000    7.000000
    7.000000    3.000000    3.000000

